22
20
32
4 1 0 1
4 2 0 1
4 3 0 1
4 4 0 1
4 5 0 1
4 6 0 1
4 7 0 1
4 8 0 1
4 9 0 1
4 10 0 1
4 11 0 1
4 12 0 1
4 13 0 1
4 14 0 1
4 15 0 1
4 16 0 1
4 17 0 1
4 18 0 1
4 19 0 1
4 20 0 1
15 1 0 1
15 2 0 1
15 3 0 1
15 4 0 1
15 5 0 1
15 6 0 1
15 7 0 1
15 8 0 1
15 9 0 1
15 10 0 1
15 11 0 1
15 12 0 1
15 13 0 1
15 14 0 1
15 15 0 1
15 16 0 1
15 17 0 1
15 18 0 1
15 19 0 1
15 20 0 1
5 1 0 1
6 1 0 1
7 1 0 1
8 1 0 1
9 1 0 1
10 1 0 1
11 1 0 1
12 1 0 1
13 1 0 1
14 1 0 1
5 20 0 1
6 20 0 1
7 20 0 1
8 20 0 1
9 20 0 1
10 20 0 1
11 20 0 1
12 20 0 1
13 20 0 1
14 20 0 1